200
000021076000079002207080004724100005060795001010002708002803060983260017450000800
519000378470803000038007056650700940192045807847901025060510782900070063025368094
047632900809574063362980740170260409498100600623490581001749056950010320786025194
176009053400080000982013000020090640060008025049706381000000700014372598300850000
318004027400200381050081400007058160000607034684102059000700600879016240261000905
060570401500006030034190000090200870040010509000030000000000000856001390970302048
406170032807042050031056874603407500045230680900061243002800060560703408704000090
863020040729005630045076208010260070906007080287590060532604700408900356090053820
326900075040075603570436092000317056190628704063509008408790060610853040902104500
001030200073620500060001073407000080019000040028073095180340009040509000095000406
490003067500860000076020830040030016012086000009010002005278000700300008080601753
003160209000070003010090504020940710940705306100020900065009430280431007031650890
002000071850601090010000586000000930000340160543190700200965000700004053180200600
958200000600030289320810004043528106000371400281096305192050007435107002870040510
105000000004570820030006017089000002410000300007208009000154930000003006500060200
000807020070304891000020374081002067420700908060580432600000109907418000210650783
415700386208000000639015000000304070900150820302000014001047038703000060804231957
821597306309240580500863000100372405070658009206914730702085093080700200635029074
798352000000600098010080250230000604000420380864000000901047830043890072580203049
954678300028319600301204908415937200680042193009061740842190530000025809590780010
200005000180674000406090713731589046568243000000007085072430900800751030310900408
732098000009062078865471930506800000080004396200906850608023010300109625920045700
738520610152643897640708053274931506513406902906275001301854709425397160807162405
008400031019000000437120695000710056000935080075806300794001523081250460560394070
456008079000700401070020030710503900905000084080400053391860500547030608208100090
007506398836027145195300672409658710063092580018743926952461837300275009670839201
082064700400290050900387124800000000000902015005608090098406002300020586627003040
650000708491000020780021594500390041146205970800147265378402059065819400910700680
000068213001030050032000904009020300060800000008070005703215460900007031500394020
102745806000090002409001005700069400001420003600000520006870054000036200078950060
400300016306400000007600354500001090070200830000090041009750000000900423604102079
000500800005248000380000500000002900294070018130009056021000000040050082600300495
030000240250104060004039008000007402370041596065390080003006804507010023100403070
690430020400218905010050740030824500000500080089000012050060800240005639000049201
004200000300070042172030856028307400706124083400058207010542900000986305005000024
068109734009308100100700800284900010000000490930015208800630941091800675400501300
530600070084730010061500093300801009400020756007006130000094500000060300020080900
804520601012000458009480000003915840001003000900064137405700006100608000326140700
491003700860794103723608900000509070008000050600020000980000030007000008346180207
984306005050910630300425080037682549605000800028759001000840023000503490000097056
900180756000000000075000400780000905503791060090350007017420003059837004004006008
049285073238971006050364280807592600593416008020837915305009040982743561174608302
390001850000973002672804901430106000150700300287000610703500006821009574905420000
050070400013020950940030720520098003409312600831060270004080590000609314190043807
463150720280760510017400860826097140301584000054010000105600078700901052040070030
500271000940036002030004005010000300793800001600710009801057003070162548405300016
010704968704600003659030427800320649006007230030040070168470502090000006520869704
710008009960700003530901070000837002093010000040092030600080354025100060009005210
731000900000385040000000600309067012004003870600240500000050004803700000065001287
401098206302675941967010835508140300000000050719083600275009010196034500030201009
608290450091006200070050006053089072002500360000402500320074690800120703007960000
069000001705009006000085040000006500080502037103004060000761400200098075010050090
501007603269301784307604125718435960900072341003109857634008070175006038890703516
180520409724639080090040307907306002000002600200401953830710200400260000002004006
008004320234507901591060007806731000700248106302609800060805010085126003000090008
900002008051000029720591634009608502016020840285007096197003005062179403030050971
746001800800603000025908006600419200174032098250086014502097000037004561008305027
300800024500409037010030600659000241000504800028091005000900062000007010043006089
794006050108000600526000719472035890600900405005001263060102080059804137040007926
053080069748609200691305000476002891080060050030000672860103520317256908504978300
005109600603000409904000000150087362037601908862005004700264805040713206320598140
170053480040097305500806127200700890957082603684300070420608000060000750000000200
060100700004970083037804020426508000300000200000030008610700050590380000043200000
030001080078204159415870020050143062106720935000695407001987040784050091090400008
140820703306795080900431520569318274430900000201504830650187002890643050710259368
300100204840206300702000060023000000074002936090300010006400701017095080400700029
206005189801906004043807260407002900000570400500409037708250603025004700064780590
005709632792304008631050704259600371078920040064075289006000423543081907927430000
024069030000702000905804700630248005249053687081976243100080370370491520456327918
000600020506002084310000000960005000000407000047308165680004570000080040009026813
849716002507023006623584000902070000005060037704005018200800000098000070300009820
490523810368001529020080030502000098006090105970805060250140003701936000003752081
600025000421070500590840670000030060082006143006100007047500906000003020200090304
109308240780120639003400178305086021821753060097241583916832407508610090402097806
907018260081000070005400103504000030629000850738061024100004008870000300492807000
008005600056827130041603052894200005032500048517300000000702500005400900000958006
500700948782594003100308200001080059978000010300900680810400000050836491400000830
829000160010009357357060000501003000060000800080600035736002048000546700140000296
005907240040038050170000009009600000207080693460790018700459100000000300501076900
096007205050006410200080000405870091309451062007630800038004520500008640904260183
803195072200647058567300090300409517650720030791038264100874925025900783078253146
000046320420703000061000080100090040847021090030670000205017900003002408694830172
873041596106090704092675100514002069309150000067030015900327658720564900635018472
940000007260570810000031009090347081024086003307000400752010900639050002418792300
108200003934000000600005089840602017090004536501900840480307600305401000210598070
408070006300002004906000800890654201603700408245100697030000000580407009769008003
008076950700000061005023087006000002073010590201040608107005006092800100500000009
000400000980010000000009835840000000100900428009820500060007000407500692001602703
814560723759234061023010945276905000501086090408001000067450389302090500905670402
000940057509308102723060400000000930806400521230196700607804000310620075000003610
951070048438600700062009031026183470107920800389004205004006300203408956605200004
000542301400031907080607050790416008500900603000700000009300815008200400005009730
000100706018560409205079030050730680072806900040290503900307160037005240001602090
529070000003100902100902030000080504901020600460090000700200000092768045008000320
340906008967005140580074039274309005890401267615708093030000054029003086050600000
000975483000084000830100759309847165586213947017569002750001020042058301190632074
070000980050300024008900150000019270090000800210007369689230000142005008530108090
002804007308000069750000380290040000180003972030900040009080706806419000013062400
308479520006100090040605000000347081004006900000902075060700003035200008027500140
450010270072050000001060800500104700020000080300700459200070000000308100047090000
107506980040782531003910627362845179710000865908167243891670000200050098405208316
612798350080650910594302768945136087800400190170029503050200639430960805209083070
005006943400570002130409807000000300050130060007004008081005700500940206040702005
681327594952401078403009162049080256000095843830042019500210000726530980308076000
205730649009006127047900300476000980120009004008471000900000705304007800052803416
000040160018009075000070804003021706060300901040097030000814520200006010054700600
000100009816300002400260007670000000590406210004900030000623005000500470900010003
214007908305100064609800300048260100960408503103050000400080600800000000050300089
903000057800030000415070300290000038046891070007060190709120005624589713150703009
070004000986052734504973060700029006010300002892010345007080500059231687108795000
200900100380010000000000900892100405100050609005300800920030700560407398730605004
860400210030080900000693850140920500083000400070000000000060020020539740450210369
070050900346009000290670003000507609063000180000100407019300570538006294000905316
360009002850204001240010080700030800080070000005802310502490100408156209906023458
207030059180006374396000020800097003000502487570003100000300010429800735001070948
206000070900050000500064080090843000400079658107005000000010065360000040004730290
209100070014008260078400053920300506050007904080009320000073001300000005001060830
704001050900000082203006900006508090092607031840900005000009320039000548605304009
205386197371029680608500020004970360763001948810000050400000506150700000937805214
204030150859200706306800090060078940580040001003100000620305407095761382000002560
010089650000000000500002000000816042040000800209504061401053000925060403638000007
092037000000500003506800000068409020100028070200060380005000031003200048004003700
960801054134569872570024000000010580357640920001003046803497060090006030000130008
700250096590030002000900570820049607009062800007010249600190420050420068080000900
003621000801395240025748316684203759259000034137004862308167020742509081506082903
350901782010003905697825304435098000026007009000206430060379108041000073870514006
208097060365002009900000081000030620700040190000219450520000010471900502006000074
631820400095040017700015000007000200462000130018294000173069500040100070006573040
350786091009002060006031502195068007067095804030120900020050170600809235080000609
429185367078263040016009805000807096065030080090050203900008002080070139000392008
600709000930640752507300100403516827056890401182003506809137245374260918215984003
000059000780006030000783200600800314370500000004360500208005607597000400460970102
405039017000400035000051200000702000370160028002094760957018000601070582238546079
102350890007869000690140537586270309000506000703980604265090170801025043900718205
300050094040030000000600081093000008002400030005082070020000050614590027530000916
000000018789360000000005300093100020200000106640009003075600930060003854310904000
740802105129735040006149002980216050300000619605397408207004961491623087568970204
004581700009406280500207160000050906905008427346729000290043001800005042453602870
589670213107520068260080457070845009430790681928106000356410700010069845004207106
020060970096042030185390042600270109070908200219406780050604018060031400001080506
182000730465783000070001000006008157731605829008017000010002003950870240600139078
723409865150827439489350127067501902510942376204763581802605714901078600075134298
928317546057900832034528107349671285712890463805234719496782001283100674501463028
430500700571000000002100005600890050813050490009000002140935200060200549090700030
508624300006000048403901070800700439360849052000005007200007600605490700730006085
001000004005000308008149005500970030700008469900006000050021040047090100109457280
000004608783026954605700013278900436594068100106472890457090380860250740310840509
031628070258071643976450002005780261189302054027514908860190020502807406793006015
037850040800064010014097850079008200548002931061000087083126094190045328402983170
530080049708009100910564800000901500320608470001070000200800705600002000000300000
570001030020005080938407000000100000000942150109080003090070520700009064062004309
314060589960408130050009704000025603546010027270006800020084070001002008005371006
356902740097683152002054006589000407601209083720845961068030015030098674104500839
000001036020000710060000005570049680200807053090103200006380007052916348800000000
648700000070090002102048705051402000000500209007680104785064001010073520306000478
060000740300080095005400030209006184080020369036091007500000610020165070610003908
050130706006905020300000508064850000190003680080000274410000300030502000008306400
005070301370010486604000200493020765700036000060000000800005000500207600000360028
800003005000009000907000203006030000080900400200004008143007089060400102009001607
602008410437010685150000000000064091084001576000780034010806743043100900876400150
000000005064000081000080002041000207020370400609004003000520638800640000030098000
000000090007360210065021007040280570700030004020005938074690002800047103506812740
006070139971453802308000074845620010030004627762391085597062341204035796003749250
609500720040090506530708004100056802060001350058437000300609078000000200027043600
601000007000270040082364500806450090000603028907108004000000480400800002158000060
070000000600209804090758600007025348340860200520041967013582496080470120050190083
500800401000051039096302000051297000009400700478063905900700000003914570000008003
060594103000610070139008060001300000700902040403760809905400206300126508012000000
407013850500049370830257960206030010100000420700024006010900283020381607378460190
504190200008267004762300000000006010040900380927001005003020001000500060006700409
019067280387005049620400000063900104050600930900253870102004560870012493004096701
052846000916070480478913062039528100705134896084607200541760028097301004000400971
020600105476518302005420800200940601080176004164830957702364518650700400300050060
591307426620490038400526000759002614006900072010004053030750069065243087078169345
005000000000709600670100530700896025068000047052000001007010406580007100419305700
240030061065207004180600527032070685801356400596428713759182300018500270020703158
089307460040628950350149007060931508508402106021586034470065000002010645615800000
932048005510600020700000900305020607806090004000086000400065002059037040070000090
182590634040068950690341078239684510768105429401972000903456702826719345000020090
768943501503100004124805360400007900000238007000400010800500096049300750015706483
000804219729001034048900650537620901901007362200193500013000400000315006075040093
790003000060051900004090000000000107009105030800270065203500000047080050506040780
840193000060207103173508094201389476080724350734610020095801642617452009028036007
208000010035061078071030050100089407000400006000010895010090060090000340300025089
287349160640518092150026308030860274400050830708230006896470000304105620001090080
001026000006800200040103950409635027005710030317090080000900740102000068700382590
037000956065207080148560000652710408093840620001920573004070319809354062300190045
473102006015870032062040517000020300300564709507903001238617045094230000156490200
020754980589120007104830006708010500610900700043000098800390015057401020430560800
304890000058004000690000004000407002207580060560029478070940000005078940400100607
079042003000006005060390704000250081580700026023081507390405000017023400408960132
961804502500620109002501386079068430053209007416703208300000051004015023095300864
070902410810003790000000638100027049098000001720095800459008320287600000061050900
050000000018079204300080005000200000007000496104090008205000600000401700000000500
968000001070000306300001009200000657057200804400000902000405093504302700893060040
920080001000260350000704290073020040001600080000140005060090504084300619719456800
637109800042008003090000070700084005000907640429006700006492300000073069973001204
123790654965124837407506921734689205810375096659201083390052178271863549548917302
230050104100040906060000020050030000700090031321004795090000607472069300603500049
321507890480600007067829001850790030210085970703004185100958063900000708000470500
