600
060900000030020005074080002000000010000013004190804000900050820000070400450000000
008009005500084700090200610850000000000503004740006502100048003000000000009030060
091000000750014680000300195070009000509203046300000210104056900000000028030400001
020000070005780104807430906001009000049013200302050719006000590070006001000000000
000000080005693020020587609200050000901000800060809270030075910000000300090004000
000009584004750000090042301000005000040000098300200700020086000819000000053007000
780090000004057000300020907009030065600000001050000403400009028026000300000074000
610050403090010000307040008500290080860070030900001700740005020080000341100000067
020009006600051009090000000086000500001000672900060480010536900032070064000004805
800097000039000000000530920087005340205089600100470800004010060016000209020006100
020198070300040100900005200800900501700020000003000800400002083000000052080403900
003056200000000970000000060400520390095603082002010050108074020306005000000800030
097005203500063000000000045000000001462050900000380000006041070070030010000000402
069000715005000040170006000000050030400170000000080200540700308001200076200300190
520013900093762400760000013239074058800256001651030000005047026080020004472681539
009621050000050490008409000980000700023960048046200039830046905097503000004102300
460038010800061000200400800000003006005080470000790031072310000000000000000000650
000591740004000920060070018005000600430000009200800004053000401007004000901085060
000001000014800002002000006063040190080209604079600000521006000800090063300080020
001000802207000040000000090080400015719005600060300000000280700000950028628100000
200030519093010400510009600000080953035006781907000006002300895350802000860900000
063090020040002601000860005001400962009006000200000807000603004730000500028140300
000000067000627400005900200000005090901000000840000030000302075000061000109074020
000700320074008000006000004087100503010070002400903000100000035053021009000600007
740635928002800450008020000027040896400006015000200704230057609005090002800062001
400000000000057090002084005000000900007010300081700000030170020704500063020046071
000810900000300716000400308080000097004007800706901050008700000000123000032008609
102040803400090020609180405905000200703000000800000009000264507000051080006870342
200806004030402000004037820800904100000300007010578003307200500040083010180000609
020005890900080060008602010000047125004250007270000006806070209002460301540921600
059003700010045200700080000106400000097000002000306800000500009801000006075000080
090730082700160394308002500940080725857904163632500040003000210519000830006000409
007200008400000000500300170001069000000807005305420097803000740010000500000070063
007206050000300000080000300345600070008000040902000013004000700021830006000070421
080190000000000076500006000000301000890024007604007010468700350000432000002008001
000004005203070904400030016007020608386010500004560001690700003730050420840092107
030510072006480000000027003000000026900700100207000000600890400580300200100070000
300050080704000000020004000009000002130600000000105806560400070900020010201009560
000097020829403076010005000100000807092008000700601490070000200001724009206009003
000070500201900007000058000908402700000796308070800040080000960790504003125069870
000610090000508640001409000357006020612704005040000000080000007075003062000000500
060000008090068210010000030430670180006040300750800690000002001670900523025080740
008000090027590000050780320070030001200000050040009802005900214090020000000408600
145002937090030200632009040000300500056290703900517000060000870007006050300870604
700000000000000065005800007064900300000030040093001800020080100000400500000300084
000500460800007005400008300020000006084090010006072954075409000030000541148305009
002513008005800240638000000040158007080460000000000000004000001003600400010380050
074106000003400000009000708942700051000002000005000200020009030506030000001000597
510000098007000500903010000135040082000682100000350000001006007608039420020000060
040010006059360017100072090021453700007090052080020003014286000370001600006035000
000095680054630200000842053003009000085024000000078301500200930201050008700080010
000600000000008470720009063850906300079001080600000059013000040007365901900004030
000051800028009005050200010010000000004010080592400000730094000941026073200030100
000054000040070015057802000019500306000300080060290001570000604030020058000005190
074900026008000700100408900502807400860004092490000378210000680780001049609000105
471000030000406000506907080950001000100049000000750600640075301305004200000263500
050000004700040009100000007000970050040001002000500000070805093230607800005400761
600300284900084050048100709720000500006070000003060400300000000070610028062800900
017940530000030700000058000400082600080019003005000200000400070000003000029000004
041008307206043010900000084000002100028000006150090002800205000000004900002609051
590200000008070000004100920900400008700080400000000570000530192000026000000700805
070830005060009000000107206000000024500080631000000958602000000014002000953068012
580600321040391850000000094000007935008900070000002610004023580200060003800400200
070930240003650907000000536000820050000300428602009003000100094008095372704200065
053002018070013000206000090000030000002100005104900230000021370000070849730409001
000074908403000706000002105730500602962700000000016000000000000090100074007400500
050481006001267000204003000805000600400008050120300800030020001002930005009000200
027000900605007308009000007070084605003006084000709100080600200900800000256043000
600049070000065004003018026207000500000080030800070400020037010000900003309620000
000084020010009008008501067603000000070210000009008070040002600060100009050600402
700004000060080000000617002901008024070002000000400003030000910697001830100000006
000308007002604005038000016601700850003250000025000073000000601009006520000000040
020000508807020103500481070700600004060040719000018320600000400080009000050060080
019008205040710803082056070000000050251600039093007680038060000000370018005840026
060030002009005007437192000908000020000000500050008000604000159003400000020079006
000015690050970080106402000063007000500090060009608000920700450005809000680004000
203050080000001000000000673045010000700046801610003090060000000000120008009400005
090370002000000450000150609007000008004000710000900204010782045208600971703510000
200000615008002700005009000032750001001000030609403570820305069007000058000901000
030004600080200000610570008050000003040806052800090000500000007000400580000107004
030008090005040720002037605060000810000000300008900060003406100000000070070000200
089000010030000804005800900006000002540006308298400100000091036003504700600700200
207000065004006300806075190605001023178002004000000800000167580080009030000020000
310050002046910005200000000500001007000000821620300000807100056100509208002007000
000603200000000000401000600008090020000007000760030000300070500050302406190008070
046052100072910030090000060000000400200008050985000000050830000420090306700001049
143098020050007008007004003000080500700243680008100000230861000070030860009470300
300100807002090600019600000900002064000009010000400000094207000063508000805940002
004100208023807509098045106070400000846000020300000950481050760000004800009080010
000061002630400000000005700490607080000500400708043926900050070000900601576008000
603050800410009300257030091000000007706000010034817006070084069860703502040000730
000060070000020038804700216000000090920800600070490300210009400485200169300500002
300008000200500009941023008090000000504000080003046050000000870002600195609007030
300452061000091005000000900520037000090046350006180000063000170057010280200600503
017000604008000057060000003090650080000000001005003000006042000150000200700096005
002600000916700254308012600090000062004027081805100070573408100081200000060000040
003047012010602000420510308040095030209006001060300090085704020094203000002951080
000000004305200170090000200210000000004002000089030006400000060160005902000026087
800300920600870004000000608700103800004600001060000040008030465040080010210006009
700100600000725000590063780408200050000050820005000006004090008200500069070800000
000064005000007640906005170094756301605800700000000009000000008800040016032698050
010600800000000093908002015091056000740283000830000570087000420000000000000070000
476302000008060090900070060000020080093504006000000029302000040801637052050048031
090006030000200180000100405610002000008005000900307804076598000580000903000030008
580400090206805400094620800032978004005000687000546000067000520050760000000150008
020000000005082040009060827000400600200603005900527310036000084500034000002070150
205900480300600092071084053700090000603021000548000900800000005007000300129040000
074020085020000740059004010030200000005007000000005093002306450060098127900002000
003000400278014056604000020009403500300701600006050003480030165030006200562140730
020000003500040800000003250000000500060002009300060000400000080000080321600070090
020000040004700000000045000061080070009300600080210950002000460000068003000109700
076009503900000020300500009039000078060000030001075002103000006002098000600100287
340600070000020041700010560000005002006200003050380400060031790074060005503000806
510400308023010090700009005206870009958200000070600000000000847140000900000900600
800003040000961200001000900020000050509030000000800010000009000470082006000054302
001003090300060005070005231012008060007040503000000008920000000000300000000970800
203800401504301080700000000002000000000640098400019030000000070005702000807000350
007000003010000020600000700000600200082400000000009350800006001360700800200540006
001000040800010070000000090004009700970008410000600539007900080000005000100240300
087405000002900004001270000790380000000009035000000010020000506600000700078006003
000050009620100040003700001704000320000036108006200005000062010050970000000041950
820305000000000241906071050003426010008000000002007500207004069060000005100008024
000920001320000056000050300045071280000000700030095000000009830000007002080030510
790480362804020000032000089006090730007312896019000004021040070040205018078100240
804000006601350080000007140000010504050000020060040070040731000700520000030000708
080503100500900823000000050800057000013690700005340912040016000900405601000009040
720090365689500017000071902170040200003708006208300700000250000500407691000060500
027080140090000870830517029089050000000801504000020000040003000003600051008200030
300700100004085960000000500037008000020090040900000001000209000050001007003850090
090300000076001008480900000000000200502064001060000070620050000050819060014603005
000400500001060380043010009000701400050000172000000030006007003005290008900380000
080000001010870050394010060070200080650000030408001000500000000003920600067403090
032060709910073200800024006567000090000008500000000043009000367020090000000107008
000350040000627000021000000600040000210005467300070081402000005000098000700210006
620003500900060308800070000300487000276005041008010000500030017760100030000056080
030900080920040013400000900200001000004082009700400500390670054050204000800010206
070004000800060074590003000000200003030490705000070800400800900905000408000001200
640012090000406105001800000000600004594007060000900013026500080079080001100000009
000000090539000200071209006050970010010000000300520900000800050048100029600007300
000758000082001000000000000000300460359400087000007590097030010800600059005000040
002080000105204060000091500831002005007000080000050170509400800600029040700003200
009164020036000009070009018900400060361095000047002000495001700003900001010506030
840600027007090154200000030000780000021930008080006040074000080000000400102000503
000618720800729004200500080690840172708090450005076090000000248401080000300000000
001700360000009050050018040000003002034007081070002030520831006000956000800200000
000080050780013000020650100018209700600035002030068405100024000056070009003096070
000009007031000004072060080403190000089050200200080340020040800507030002000000473
700903200230001007060020010300009080870005600952830071020490100000017000000600000
901000050605001000007908014400010000702300080510000000000027008896145302000809500
800000004000109000010008000040067000000010000005084020954002100060400903003096802
000067319906140700031000604105970030300081400000530060040700000603400001000090046
300020007501000000000070930100000750407003090009000180900237000083050021200084070
108000005320000001000080760030906800000070000200000000890000207400000100000750900
000001000020090600859000340001050000042010060000007918200000009015930402000705000
057030200000100009086000070409528000000400008061003400020010046000700020005000800
069700010547000200310090074095006040032870050070009003784000000023000680156928037
600000009050830040000021500080000460070100900000402007020540000903010000500090720
300080974000407000040900213608700102700090086410000097000000045000000800504002000
600001805007060013000030000000000320380542060470006008000003500800050200004129000
000900007000020600040700203000300108231006000008500004790010032803250040002400806
090701002000480000000009000080340600064200903700096000050920430970000000028500010
000130700035006009007920605300510090400000000000009007000600900510802470094301802
000000853300010009080050006067003020290140067010620034100000040800405090040901080
050600290906000403040000605000010040105004032420900801080302004634050700000406300
005000080820090000490180060000007000041800397006030041054020610030000020100300078
008000060600318520200000030307486012001009608800105400080002000002800090703951080
157430908000970000000000370400360725230041096009008001020000087300000000000294000
000006400000020905900540070300002004201604007800759200024000703008000500030007000
819372040000500000000400000670100005095000031030950000400000080000034102020600400
275000360300400900906500000090000600500108200000000001600095007420070010700000002
000105004010040000400723050300000269008002401029400300907004000600030907000000030
024039670000010009900200840208000000300592004070003962680000120530728406002001358
000907008900100700507648010700000065001800270000203800003060500002000000060000080
209100040157000009304729180002570300000002000078013050025340861000200007740080590
768400500400000010010000008090000000280050003000620051000047320003100400670030000
000465098000000000204009000900621000007090001100003906010506700090070400470000160
600215090050080200020790060000000004540900780107300000070000009000000530000008072
480300000025900000073045000000400100000079020000080034510000600000008040047060000
000100008309000200000279300007403000520016080641007003000300000416790000908600040
705020009300680507000074008400038001000000035270090800020040090000752004860913700
000000008408100000100700400000007054650208000000305082090802005000400009060050340
600295070050708012800010609200107406103020000500384020008042160702000500000000293
300810690600923000897460123030154000509672030420398507905241300003580701184000050
002706100000040300860010090726094010000600479000057003009060032000009001007401005
170002539000003276000097104012438705987520460000700001020370010761984352008210640
000093250013005009200600380007400030045000860001500004000002910600040020130050070
000087060020004007075090000203900006007000049009600030500120000300750000000409015
004008090210009000000700680106000030050000060300850200900000300700092810060007000
000408760867021400002000030200904100100000006089000003040005317018040000020000904
000050008901000073807020000090008100000010760002306005280060300000702000030000601
020100760105278000090634200000000600009540007800920531000000306070002489030060000
315207060040008315890000000000020000901700032402080006000000000520060780000801009
400587000070036040000009000700020390350001200900360501007050000820600000003814706
023674100100800026086200007600408000702019800000702009200140600308020000405007090
005000010003706000867050300720000800000920000600340002302069480000000000150403090
208593000601204000000600302406059003000002875507000000862071090004805000150906000
300820750090006001800030060020057009008002000650080000000090008080000107002408000
010094006062500000800036000070480201000072000080103000120000600903000700706008900
007900002000070004020060090050004029000153070080700401000006943009030000203010007
407980006000752004029064705070010402246000009500000008780430090030600000600097040
059006000002078000170200004090320600860000400004001090006000070000610003080090000
000910604900000000054068070000807003800000000210090006070030002020000061698100705
500006000007000036000019007028670045000020090000008062301860500402000008060100309
000095103003000007000801290004000020950010070000000341006500000000300400000100005
000201080040080150019060040004109600001058204520004010750000090003000007098002563
052000080307008560800000302000085427001324090084079105000400070048702603000090004
002080030000700206000006500003009000020070000700032809090300087510290000000004000
020108000400070100001600800000080017010702089850000620000060050185040076070900300
631000020000003700700108093000030100000019000027000040800090007009000065006024000
000200005621350847080700921000600070000008000000470190000030700804192356930800010
100007020000040906004000100003006480089000001400003065000060500040800007000734008
309000000200740030000083100100900000038070206400100803097000001800001007000007960
960180003001043709700090081050860070890004000004350800000036092020910000609420000
010000720050860000900003000500004630000100009400007012070000000029006005000000083
586010094302640081000583600705004000018076940009201060000125800000400109001000000
500000000090000700080430000005000806020874093078009000809010302000006915200003000
020000850003000700015000634060900000000048005090200000079480000800056010006090003
070900602400520817021800940065100004307450068948000005000000000754000309030704006
280540000050000406000002105000004009463900700800700500300000670049000300710005004
000200583800070100090000200058000000000000090007495600080910002310020800006008030
015004790700530000043020008009050010500000060004780000060003000000000904007000000
000050100054028900070000000800000406007800301063400800090140603008900015615200000
030084600004025190020007000800009001302068000097201804000000089780042006200000000
000000700300650000420710085630000100500470020000002000010800900000127000000046007
490700030000010070020036100006200057013000060805309401700050000102073080004090715
200000040007804502000900070405109000000003207800000090600300010702590008900000000
804710053023005000715030004430900060600020047007680000006047000000050402001398006
000000007070050000009710640098605000620308459005400068002000803000900006000530020
000592403000010089530460000001045900050000600000039020010004350000800700420000896
093000060000070802004000000000060000960020000801003690008050020030600004000200370
700004908006000000020060500580000006200407005007050480008709014000800600900046070
003012080600870000918000500000020600080900200000600047060400000000057364004090020
600020030302000008005900260000060000706008000904000800850700600400005007030004100
000800136386409000007000849070108004019004078830760000900071080001200403268940000
030092001040100002200300980024630090070000623000017000000750200000000419003004800
000070600003000007000510004532400001700032000091060023800320190006050300029000500
050006000000000000060940007000000105000030706001800090810653470097010023430007800
100000000090002000004000006000009000200830005000040782010300067030084900705901020
070400000360900701000730506000040800095083072008600003030020165000079284000000000
000030758000100029956000000200070800000002001809060032100050000005006200040208000
947000000160209700000003960000000100071805034000070009000520480002084310080030502
001908020009105408002040000146009273000700509900300040090051000508006130010000900
000203000001000004360900000005000000009000080000500602974080005500000043000007820
500090040040061320003004107700200006031908000200700401000600504306005010075100060
900008637000964500805301004003010200002053080006702040601280000028000090370100860
012000004070356008803002000049200060001005307300000000007000000000009840406501902
075200000030016000000538007000100000098007205107002000002080079784920006006005080
610008290030000040400003178040700900270840000800930000000069010704081006000370809
046000030000920068090000000070003200080009014000001805920180000000007501010302709
030500000100200000280096510003000050000070000890300100060000000000605340510000082
700000003000100406169003070070280140000000000005006302000000004000674800600008050
000300006035000480000009005000800040200097160000000027000904072406010059709600300
000069500018000000560800004003000091040080000006005072000020000794036010000900000
800045197400208000600030004000050000500070010007061082080429000100080000030010478
000490000004600290619003000246000180803005004000280070900000003300540700000908000
004007085309800000600000901402091800000600209000203006203750000806020703900080010
007040950000908700096500403700000000000200005960410200040705001000080006021000000
920050400045003100030000056098402000602030000304900820000000070007019500080725300
000980200000007698005200001014870062006340109300612000038020016051006820002000005
930020517200004380100000009001000000800040900400201000500000700300072140040305692
300000064070000003600048000751080340000710009090003010002030600137000495004007208
000050209052600800061024307530007628040000100006580004005708002823045000007000083
000700208000006701001000040930007020000008005060250100009300402027000506803020907
020000045014000000690850007900070014480239070052140308009000800000000000265480039
700004000100000900900200030894000000010300849000080050079056008030000604260040700
035709400000105000800004090000590010000023800000401936020007000000900050400302009
000508000504920006083706240002080400090360102100002560200670030069000700001009020
600009100100080000000402006003076900009105608065093007000720009006500000302004700
000008102007400600042000500003000200280070064000325070524007000136004750090060000
009600050520704060600508000004203080160900203002100000300019025010852937205007810
560139007090200100210005000009002001632000080005004360021500040307000910000000000
008003702700020004060000580007004900920008005006290001000000056000400197002010003
050200308093050600060000020010346802600100000004900100300004200100002590005631704
029807600045230000060410020000060470016048530004500060000084790600000000000925010
542090700070002309389070150200000060700001034004009015053900420400308691918000073
300000004200900503014807290045000720083500060000400000102008040800710600400300180
204508009050019300000000608300980400047300000590060000000800010900002080000000203
000002900600008705090700300050237009000815400137469500075000090360071254000584670
001598040000600025590024100020801604000400000400009050002000506007180000008036007
000000802007090430041002650004030060000000000653000207510070020000003005702509000
002000000900003820010050000000004590057100002000800400000060030200008150070320609
000008000540000620070500104700056000000700240190000006452003000030090000960020070
027100000300000015060802300240018700070000090900043150734005000009000580000390000
005000003007004100400830600070340000080700000209608001094000057010500060000007300
008100000050064700409000000000940210900000406140006000300600000710008050865410023
900000000001005030805002069000000004350480000080070600003020700400000090700009480
010372000070008602000000708064937800080014000000865307800041003100020084040000050
806007543000300017070000000008216050500004000000735800005093001709500000400600005
009040801084300027301709500050000009000297003900000700000608200200003600806000305
410060073000032000800417005090000007041000300000201504000300000104008702007000830
000401020500260100800007050703000000000700401210000009600100700090620000000500000
108954002600008514745000980300005806060802000204000005910400058852316000470589201
037406001000318500000700000406807230070000000000039740250000007700201003000000600
000080020518700000006040158004500000000060500800010000490201080080900700370000400
013000000000605030090008006030200090070450023050010607000000200000002005500084360
084000020570806000100004007900082504708000000056003098400001080830000071000008930
000005000906410800100002000304000000000007000050060001870300064060900030400000000
400000908800104002005009700040000200000900600001027030700030090000452006000701403
000800100608947300002600048720400009005200000300785204250070000000004002104020783
042000006050800000081300050560000023204005108000009060000900000000001007410602539
000000007070015206360090000001048300008031002000500040000000900530172008800000700
040003000105790840008200000000380010007021000000509068000000506000000027600457381
952370060047090005000000970765000080310000509400000700074000200006480000891500040
005008176280060043076000000058004009000000030400890001092400060000200510100500002
050473008000000000800025406300000901098500030000000002000042000030000200100006070
400005208000090300280403070000900000524007009100042000800050904060830005000000000
000500920005600004203910006004000000630001040010300290000107500357409000106200078
000005300006000780020300090600102000200067001074000000500673140400001009000000000
547000098013029670920070300060190403091200086470003029050702830080006000000005000
000852007300001059000090206490000072780000501000037680000360000619280040000000060
000709215009000070700410893904601500360000001000070008601300700240590100000102040
930872016071600832800410009300087061010904700507001048000758000782046300050000000
704031208001000753000000000900300021002875090046100800005400972089750046417060000
000002080009800762000006190070063000500700000406580020930010806040600279002000000
054000300029600400063000805506300104070000006401500200040869000000053008308010600
700000040000000007002087050300000920020600704100500080005090000001050290604010070
309600000051400920060209700005006000870003209000000008907000804100394600040000002
000200089000900000008000406503004028040805001009100040850070090001080005004500030
000008510053740090020905370000509060000470000041000007000090080576000049094107002
670105024050000600009080010060801300700050082100730900000010008048500000000400050
800030762000600000204081000086000907709000008012008650000290006970000401628014009
000000030201004950006000201000000100002051084000080020000600008004810090018900300
060000410000300605904016780200185360600030570300709821701050000006000107500001000
010000008640098007000300190000005001060009020071043000500030200020001050086052300
972410600430009100008000029000670938000081040084503200000006074300040012847152000
061009008000620700093008001300004605010760000080010390072900004000002103430050906
000006004007000002009014008004000000358107020000008100046025830000403609500681007
002000645000020018080000000000260079921700060060810000100000493008000020040301000
040026090200500307158700060003000840800007506020900730002050000000240653060300000
000020860085170920002856000020300009003400200079002000000001000140700000000000604
060000010000603000000700030023100900504800000006000325000078200080400700030205860
000070030020000006001060005000500090030206071604009500703000040900350060006090057
900000000050083006001500708504800600007305900030000080786000300200050000000400060
320000005000610090000000070010497030630100080079006412000070100090020750040500000
901480000000250640050000098708010053005072000100030020000020700080000005030048010
300405700000000308410028000800704200030000007000000180208507093190006000060000021
001020900500016284000007031008000750000309400005000000386291007700604800090000002
040173000100920400000600201018000090069230700500001004605000800900002100080060540
000570080000200071070849506080750010512400008004008052000004600020005090938000045
100508020000602094604091030000200009000907300980000007030870201040300000279005080
310002670900003000870091020009000704050900030130600052700000000500106040000309005
130000700029000800805002910018009430304207500090001080953020000000870300700900000
004750006006000940003940015080000000400000001030610002050000008000490103307200069
200400050001080000000000000690100500782000301000008067000674903007000420100205076
009603000248007000000052000000860000000001600401000300020070000000006470300000098
920070103800132905000600000060900000300700510290000600100054090002000001009210040
608050700040060000510800000200000005930041000001080030007000200820000140000200000
004000000307600004006020005041080750730001006002009040003900002205304190060000430
000500000806000001000790823630000000004620007217050400000960085003180009000000004
000100904000000030004900067700640090000003075156080000090000710002300800070500406
006709800200500000070423605000001042530002006002306150080035400604107009000600000
000000060290000080000500309040005700730216040006070100007080000401000000000030802
009001008350900000028400106030000402000340705000000080006510000080709000900000640
070420690005000040460008370034600010010000703200003000000030006086097000300100007
200840907300050806008090025005410700010020004430000050000007400003000008804030000
003049001000326070600501000400290010260000049001000700000100054140007000900430000
450000102080000000230804000000000000542001368060320010000248070807000040004700051
003000042075300169049060000780025010090600200300008600050806734060037020007040080
000085790000000005020796301046320000208001000050000000010030059000014000073000008
109000832200040107003080005000815003800000010700002000502090780060420300000000006
420300090803650021001027003038040050910005040005090100300009070082070000000000018
020038000090061000071002080300100900000973640905004731200640050000007000000800000
000030250900080061050100084000308006700040008460700930020500800080002500517000000
260300080000907560050060000140580600700000005003010000000009402320045700409000000
009017048007008290600200307030002500700800000060405010080020406400500000000000000
050319400008020000039740015003097020000480070760000800300075084800900000571800092
800006030102007900070500010006001047090600003004080009005000200008450300000002000
960542300070069000503007209320400900004000000659700002000053020012070003000090806
000305400002106807080070000064030000910020300030000600000700020000004980090062000
040008000970000005201000349059680032800150007030700080000205003005060200000800004
040000000108905007290600000020003100000200406900800000800500030000780002050310970
900034080001006530034080027103000400748360009200900003400009006007000802009002100
563040000900080120000005000004200850200000009005800206800600904000409081000508000
097008104005000008683004200000073020001800907800000035004080000900600003102000080
000030090070051300000009402000100049504200100000000860000000030430508910108000000
390006040700034001486105003000800004000001078050047009040612000600508400009000050
000580000040000000805039600057260000600007450000010000560040710100952080302670000
005076002020090800704300960002700050460080009000400280500600093006530708000900006
060810000004000706003900000040630008500080009300109650000000061007500090409008000
300000000000065730904000500090048002060000470002007000007800013000001040001300650
750060100691700000320540070000980003007004000009230050000672048403005001080000007
170040036950316080046807050007500020200103000400082000029000001084250090530000042
040805200890004007025070080000000053000008600000200040002001400078000009003002010
020087049075020003000960502040006200000218000200050700030000800000609430600030000
650004310028150900401000708004506091080009460000400003000040600500300109000905030
000000209140000005000390004050900106002001083000000970908057000005008090300100000
904500000000030006080090004000200809000903000200600300150700002007020658620045010
007900400600000103304005600000040369000000702406209000040097236702508900090000080
000157200000004509000920000500680000036070001700000003000006020190000004068700095
007210800010705024300800700004600070530008000702000430003060980000382000050000002
300000000000070840200004106400016000800000407173008000906000301030007080780900200
801053060200019307030000105000700916980500700020090000002000070000080030508070004
030700208000000914000001763003080175070000639015006000002000400169800020000000301
005942008609030120020010005061400000700050040000070010006000700902000300000165009
419000500860020000700400300076053104048010903001008000600002090907000250120695007
008005490002809100500010832030000206000200510906000703000003658463500001051900370
790860000000207086006300001078010002604002150012604073000006000400030007007020534
320040900000006305080003000200300060700268000090000000400509000009002430100007506
000006040000400283005008796009041008604037500301082469400800600060000000000103900
008000760260000003010080000750108000091300070000500600120007906000650008080009130
000000500708045036154609200200093000000460000300501000462010385030204617070056090
010800500069047308803000167000370000000061039001280470090700000080004003306008001
030000980040003000000005010003001700480007062060082139007124390000670001000058020
085040079000005000026109008003007204710000900590600180000400092401792000000008410
204005003030400910056030020102070400080000050043602009400900000305800092600200001
480035000007020400903704852009000786608000541070000203050080000700006000800097105
100000080460708100007054600000000501003070098010080076000340060050007910070800045
830000907000000000504020008347000100020064000000000020070603081000002470000789006
200000400004000005000010008002070006050390080000601700400000000007005203900100874
605000708740000006090607020132895640086000251500062900000009000000580030000731002
200640003090100060006003097000060000430000612102030709024000508008070940700400020
200500470001600320504000009900020540840000030000400706005007000019000250007200003
000200000080609000070043059000400000107960000800071690000002100310000020900036080
009703140300681000000000000007960000500108000091070300060497508000802006400300000
007003002000080700530090060800007205062058090375200046006004000050001029098006074
000248005098010000052060780000620000647903000020704003001006009200005000570000140
105000006046105700070000001420030007900000020507009010080000040200040080004091000
920341605105200000070650000050160080040000009001504000800906007090402160006080390
100038000000070060000000001760000000800053006005009800400000903900307014510090008
000010060070000210618900473040600580067020930035800006053289640000006092000700058
310600009000001600000000000500370260000000900630250010720010000100047080049060173
901300000007000020300907460104590006508600000200431800009040730002700009740000008
081200000206079180035480700000010000073002000500000642092107300057004208060020907
020000406040503007100004900760000003300005000000300500080002001076009200000047005
103002000075000900000000183000060894500001367908070250010000430052609000000400000
000000080724009501816503047001000096500000413008001070490010028600000050072080060
000120089900507000300960400890010200030704900006009700050000870000000001200870005
000000070000300005921070683090000060280415000004903000060009100319600008840100090
095060000000000400000904030081530000600800000000010305864290700000003010307000049
095000027000050430040080590039000200104800060560900040000100003000002004956030812
020800040090041080060002103002014900000009000000600004006000001840000700305000026
870002106000160090000700000000000560900031700000000020000009054405006000603054900
600000003704003810080490006500200930203000401079000000006008090040070300000560120
600703090900005863024086001290000700060300409050209600000092300009000000072800000
600000700170625400048071000090000000527340060000010800003156240000000050000790000
006010370320098056179005004030000012090071000010309000250047630700800005900000020
070800010000005090091240000083904000200160300060000580700080000016427800800009172
780030201060081305091040780100070904076214000030800060620100008500000600010067500
048700059206000007000060401061480000000900714500010000070000000085600200400000106
000018000003000065002306010028000050070030206000840007100000002209400308840200500
000503004400002780000048001041005070200000000596000410020000605079001800000009100
002708601716400090000006704600500009001900478020340005080000000067009010009004006
600093050002800040900000000000500129000000008018320000706000001840070090009001200
543009000801004005270000306730016004604705000000020600100002700397508400080000500
059006000362400050480100200640200070020000004000000921010703680000008312803602000
008000050000090600210050079007902800069007013000306795700020564900605130651400000
920300670070000845100768320706890002200037000530400068000080093802000006005940007
009020410046098200170403009000005940400001572200000008000500001001600005057000364
060075840708910520035042001090020050450000000021500000000783002200450310000060480
200040009450000380100008476520800600007520000003016005061080000000060700090070000
063200005000900080024000060100000458056000300089000000000000810290601004000085009
000000005481000032000000800007604001850003004000007369700086900000010006100400020
000078106400150000010200080834907052100800304605423070582600000001002000000590020
000209400000000001204170003109307000820000000040820170400603005000400080510090060
580012073037059006000070580063040000070000698951000307705000000008094060000280700
000000026100207008802600400306850100900003002008000003000304680003000050700005000
160500092900103060700000050412930005079000400600400000500701280040600530001350000
000308007004000508000600040120039000308700001700005680060000700000512000030900850
000090000760004080580000009400003000057002040000079005045000032070308506000010097
000041000408067000307005460860010070930070050042500100000050607070190000029003040
691000320002005769000000080400803200000060007030010040980000100107000000003001600
410060893006001040000907200009030000600074030703198004504000000060000780000720001
049500000600002000078100200190420005030000804000600097400009000000800906900054080
600000000300000709000209000150070000046001900970480021000030010004020800030007005
000030050007500400000004023100090074000000610005080300800407035350000006040350000
006000000930001000000200160003000010000085904050900020309810700200400000000690241
006000710000641000080000060073000651800007040005103987300006000010000536040508109
200150008500700300069800070000230000608000007070690050000410806000006000816070020
402000100006090050009200000900700805007000904080400700040510007001943006503006040
053080106069001480000000050070402000400700901030008274025007310000029800004150607
002000013160030000090006080900760804000000000730010509408200006056900040000640100
300000090004000000070100804051304000820050409009002035000009500490600700038520000
006540009000300700000080000100903020003005400908000001000001000600000500570420608
307009006500000030260301700105026970073090800000000510050030009001080000000902000
000000060006700800005030002007308400019000780003000000090000610700049000200507900
020006540105090602000007009500000420000040000740120806459600080060000300300400000
000000063700000291600090700100085030000009500004000009090102056030950000206000000
380010600270806003090304108040000310860092400012437860000940530008763090000501786
406300250280090000039400000090000000640000905820570000300000000000000026104930000
000319000160000723050076081098000030206980154017460008703608000605100800981000000
790010000010007000860503720039060000600000100000342090008001307400008050000270000
000090508052071300090000100700050810000900007005010032004107200317000400000043000
090000000056200307000000109720008000080490600609007030902000805070500946400900000
000301706576020000200000000100500003060009805800000010000940030910000064007200500
000609810602100000981572063509003706026000000070005300765090048093008075040750039
000608709000307000000054006000006573600005140730480600800043920010860030493502061
000408000004000180005010702340890060107600008600005074001004020508000019020001850
006003005015090000947500030004035107070040083038700540000070300050080670783000010
003204060006308005080106000000061430410000000007900000804000090095002001060400500
005071008004030005009000231000300067000007980003080400000160500000008000961700000
000000090500040070480500000800010000005060009706890150060000040008701300000000902
560001900780000042904000050000000304005000890420090570200950403009102000006307019
050003076460000028097008000000406100600029035000700060004002007000814000930000010
080010965570309000000680007050960100000030000809000602000000090368290401007100083
809074050204000000005000049001308694000156700008000501050810403000005007082400915
000092001000000000403006009040010653050000000307005210209308700000027005705040932
000920000900041052002005007070090620000000780018600000520009400781032005003000078
000000703090067200006023085000000000080040006010605002000200009432090000071400000
000201976900300000001000530025009380007100025800000091019400060580060017040000000
000701003000000508000980000082407300000000070400359086000064000546003000130572864
005000037030070100780301000050700600607289310008005000073000200200007089800100000
000084005001005003000000040020000301008709402405000976000890600002001007630007108
200007006000906104649001008000089400096050700080070210000462007060090030005000600
002904300403017000000020064015000007080052010300090000000000901826009005900500080
040017050000520497700009018000030005060100000485000030000045000010093000009200040
260030090003800002700020041105000207000000000092007000020700004000600800801042906
900040000273086040005030000080900006500360900090052310000000091020570630600000000
590276003030518097070300800900603004603040782805720936769130050000800300001000000
200810600000509000001420800007201540042608030906034128000080900010902403060300080
030010408580093072904000503000020010000007040300009020001050030700206000050030000
000304001000050006000087030000009400005842903400073580670010000900700024540200100
003800100000600000980701000500000008200000407430007000370009040050060003001000050
010005009000009050059080406470300900201407563060051840106020790807510300532974601
000003609600502030200600000000048165104256370860000092000005001000701056002060000
300705019401000002006042738605000200700058003030010875050401306000000124103926000
050000093000510700000004000007000036000700002208640009600802005002430000009000000
192500300400000000000097005000850000800000009010629874600900000070060050904015268
179040050003000089502693004200905000000438010090007500000086000000304091310709065
200000090300007000590080000800049210009500706002600450910004300000100000053000070
000007000463200700079000000005006300010842000780503020930020800640019250020060140
205400006000200000084005307103000640800040003006308012320810060061700200400026030
418503060039604578060090043650000080327980416800060205500000394100809007972346851
400901000000000870060200090010000020086500700042700306070000000200190005005602400
040000080063005900508200000809002007604010008020040600200000830705600010000001000
008004020653208040401000000007083065506070004002000000069040030015000087000030091
065070924730019050489620031208190060090050082000000000020900010900061240000500603
030900082720501039006700005540000028080000500000052307900010003001305800000000070
000001000800003096007409000052100360000000450000005928000910070600200030080006005
190700000504030700003056004709500600000003029030004000000080400000690570650000000
240700560000023000390000100870000001020900000000004000000057900030001458080030007
007001009200074050000030007001006800000008072084920560008000000006300000010080040
079000800030000047024718305060070100050103706000006002080037014000061000040800000
000451006910000580657039200001900600020000040068004100800640000100000000000317450
209004000000650030600000009800010000001068000000020700700040003500700080460300005
000000000720943000300700020607000408009000050500407201000016702000079045000824003
009078450400590070000102090080020100200630000007400000800004000000700540000000760
000000902080000060000600078032100080006000003490300001007409806008000050000700010
000801309840300502000060080230950806005680000706000035000506000060000093090000001
003861402826000351010503000038052006065000039200600180000096000350080060609305820
070040000100006007008700090890000610000200004007019300050090400000050728000170000
900600000700439000140508060002003090008000030009050078000905000064070300000384500
801000600600127308004000000063008910450003000210006500000060000080042000000809003
006080000000500018010609240390056000000798000000000084000905002903014800604070090
000900072024010805807002930001750000080000100540800007000000028000000000478020006
005000008040009003600500004030891070400000030970400001300000802204003000000050067
060040020000006300000082005347008600002060753006030094490003070000000000800759000
200536007460701080070028000928100034014050079000840002000005968000902000800004020
010060000800000040002410600000030005300070000020000180090007502005001937001309060
850090000019560402000003000400056000001000000000000004280009016000027508637000000
071200008042007103000040000016300000080704306400806710090000060000005839600030400
000010400105200300200306000400069000000100850092000000000008007001700200000020630
603985047000070596957624081736042009490867123020530760000756032572493618069208405
056049010140030058702500090000600145514070860008450000200060001000000500000020670
009402630540003721200576940070050302613020509025360010000047090300891250000205070
410000530070030000209000806023149605740005029000020400050008060060450008187690054
700000015450300080039005000042100006900000000800009050000906570000010008090840000
090200000650031290802060050028500060000690400007000501046158370300026000100000620
009500210000108090012900500120690005958010600067000030000000360076001459800300002
600782009701000062030060000070000000096850700210040900100090400849076230025000690
050000000060002070090706300006400200201070050000003061010300020700520040005000180
068000100500204008037000059006008510870090020000002893050000000612007040004050000
300217060102065970065300204608000000420900005900682000206009007000700800000030090
090004000001090005786520000108079540000245086020006030000060253050102960000950400
037000068600970000409086570050100430001700090900000002504000029010092000003657000
000002100004800000007001000000500468083640000040000002032000070706004005450370920
000008040060000001070150008000000030900580074184000006200000060000903000041675002
578600000100597008000000500007000000850209000310000809005082613030000000400301907
800060001200001000000700250060097005050000006908000043000906000004870019791004000
000000020000600000304000008060030009001209730000760000409076500016090003020100004
000862000000000000000300104800430070613057020705006013006700000001048730007600501
000400607305070429000020000000000080031002000400107060000010000004000302096738050
000239080020004900000600700010090070256000890097006503104902308060070000002005000
000000435500000000804250600000800001008020046956400080035006200000010070000502000
000006091000319002000085000009560713510900208060030409005041026000257304080600170
893005046004063002612780030020000000000100450051008000705031000038570104069842073
004310096000000050051000000060000500107000400080941600000807000005020060200000138
053060094006020381000938070060873152018002437320100908600289700080310009000000813
080593102050000368030000040507200004249010600000040701025001090070059010190400030
002806340000000265576000098408000739200000006050080000000029004005460903800003000
520000000064070500001009420630805000900036007000940065000060000000013006070500002
003462000709350000060071003072015309806040000001736000300607001087003040000180000
053006000200734850080900070005000468060490020800052190000040000070089040501060000
000390605005200000070008000500009060140706038000800541208000004004000020009000803
000024513000090006020000400014068309080017020060002850136075948800039065795400030
480000703600000805157000002030004000006007004045208000000630500504012000300840009
400060080318000000000050000004300005800000020000009670670030004040090100003001006
000000000000070500207800063905001000800209030020403005080306701400900306613520804
300800706086000310400000080170000000200030078860200140018043205904160000007000060
209008400000000000817300500002000810000057904000030700700049200000083145000025607
005000090304870006600002804742500000000200400006407002400000605060390001100008300
040001806000008300010060000180040000000000709600705081050293068030000070000080000
040018025000000010000407006200000009070100000300904800014000000800640057002730090
302018004000002086081607023053001090008705012010200000007056000106000030005000860
170490002020000300000075106600900700980040030000017000700000900304060007890720000
000950687000600000000000000036500100004060008200800090008090025090230060620401030
007000806604008000000670092000009600009000013100026050028000000000090001051400300
000270540060000000000004080081900002050602094049800007070130600500408009020796005
003097000000000050070028000798200000106040805520006100300000040000080906000000518
018000004002470100500008026004000070300094800800705060000500007060030000000002000
080000125600502000020840000038170000096080217070209030003006740001700653000000890
