197
240006800000000300600490002006000000100000049094200000007080020408900705320710900
000000008008290000000004091807060000050400000900300060600072009070000005019040030
035046028201000000000050000010000090908000206000005700004020000003007604000001500
800650004613040000025003000908030000030806190001409000080000037007000260090700050
087259000000000800000040520050714000002003050000005160960300000040000200001400600
100008002000250003000600040050060090009000300074009010063000007200007000700080030
001000000036800004000000521090300406000204790070001080000000000807000600010030000
000000090000930002030000005060120400000040510000608007001080039209000060070004000
400000007000080050000506032502400300089000000000930000870020009200600004094050003
000030040028600000030004002000001070063000020509240008750000096000500004002060000
000160008510400000900020041100000080094000026008004005050702000701090000000500670
000000810840009500005010000200000080000230600000097005610000007080060290030705000
901070036000105900050906000000000300070890010016000000800060400000007020003000700
090000001240890703008201900800400500000000000003009004600000400007100309000005608
000000085000680100820035649050000900000200851030800060900006008780090306300700500
010000730800009602050000010090360008500001046000008000000203401005007023320010000
000800704020050000070003090084701500000000100000630007003000410001070060005306002
000008000800360200600057140006010074700406095000030000008001000105002403069000000
000000902090008000000006504574000000000800050100060040400309000203600000760010300
010050000900000500000067020053900100001006000680000203000205306800093050030000080
000103508006009047905070600003090000000215000500830000000600200260907000079040056
107060030500000810080012970000103000308059000000040000020000608000030000076000020
708100030090000000023900086600000310074090008000068740230007000007000490000680000
800003700030000000170400098900000010000000003000610580580000200600030000700106004
000010005302000807400000900000090100000000400084570000003000590700002001806003000
070020090850000060000806003000204018480000030009003500000000104000000370040732006
000920040000010007007400000000060000000009000130200500780100309050370080210000005
009040030000507000007000006300000140000010060080600500002134070000000000050070009
000067000300000900000310060004080000000120005000000030018005007930000028000009050
900008210007500040000000007050090000008640005000085400160709804000130009000804701
009200000020000004000140008300020000014030280000810007000050000003000950081000032
002006000000070410040050006000005020709000800060000000080300104500700000000040908
000600002070030000039407060100302004090080006400000000007000058000006000015000700
200140000007096005000008090500000100008030400010004900085009007060005000090060000
250690013003010500001000006000009620430020900010000030060030798300000100705901000
090060000040800090600002000080000465004078319030005007010086000008900000906150040
160000005080700000007203000000002090600890500070000200790001068005000001810009700
036700500000602001004009000040300205300070080605020000900260704070005002000040000
000000360040020500803070002030500004000740020000000000074003100000180005050000007
020700030000000004003806000000902003980000002300085060008400096601070800000000010
040030100002140000000800024130700005900000080068000000000070000500018006080006012
000304600500010000071090000000007000409060083050000090000002950600409000007000300
000080017090504000500070900000021380900007000000050009001030000040090050329015040
700030002002000703004007069000060000000472050008900620060000130100000095039500000
004800900000000000203056000000000609062930001010000700109004000000010080070000000
600150002070060005500070004007400009000200401002000650201840097000527000700091248
040001008000500207071000040809050026000008900400360805507040090000095700090000000
209050040006000900350000002030020000700030500094860210000002807070500104800006000
300070080070985000000040010607000540000700809003090001000000000200010600019600000
000240100045300008020008009400800000008430265050016000009003010000000000000001083
500004007600070980007800000060080000000405000048007061813050000076040002000000009
006000300004500080000002906000000700708000050012400093000030001240070000071080000
000900000000005036942000070050004300000053092204000001000000040000109500020086010
000070000014000070730020000000005020080200400090100680007089036003000001600510000
600005000007010850000890000890000604060000200400007310100020008000100500200064700
005370000000000800060009040020090050400103089000000100087600000090528010000900500
300700010070000500081905002000200000900006100060010450006070000000000003012003070
000000430000005010300401005000000080008702000006080070570000201004029000600000009
010000000032400095000000307060219004021740000004056270603590010000032000050000040
700010500000000000060008900507000000138640050026001030010000049200060000075000603
000090003090780001402000000038009402700010090100005700000100800017000005000067000
000400900040050060080203401400000800008005600091000020009500706060000082000170590
000300000003000004900500100000870042400900760005460908007610480009084006080005000
502400600700680000000300005600900050000000070900007008006013000250004930001700000
008005070000090002002100500000000809060040050100000000001008003470062000009000000
870093001300000967500000030000087203050000000400010600000036000093108006000000319
002600030008320000900001050080513400000002000005080700000200000056007000270960001
010000200000700018800050790097200401280070009300000020002038000008400300000006080
000406008802005000000003000000090430030000071204600000026001500140000706700000000
000007005703000060000900000000006704300000800067010000008100409006800051005304600
742003190010270000300900000007860020000007049200090600400638002020000008600400000
009013000000600200800000030000089000000275060000100025008000010200001500670000043
290054000007002540000008210000000800000300004073040000060400070000085000004206005
005080000400009060102000008000004930020800000309070000700006021500000700000010350
068000730070830006300000080003006500000070000000058204900002000200560040036700020
000000907000000060700020403009010740507804020080070000006900004930000000401000650
900008420040030060056000000000000070600000500000503980000002047801000250000807000
000010004000450600006900020060070000100000008540600000005000480000095001000100007
015000040040100005000945002020050000098000300000003080000008007074301058000090010
090053001510000060006008000001000009060900004020700000107030820080000000300002000
600540020007000001480090700100025008000070056006009002000150000090700010000032080
050060328062900000007020009000008070970400605000000090000001000000000036080500700
000007200103090050090000001908006500460000008001500006000703060000961402030400070
876000000000200006004100000000006030003000087001080560010000948490072000300000000
006310000001900605004005010610004900905700000007800004003000000000090007089057361
008036007670001000000004500007208005130500860000000020005080000300005000820600000
100903000006000000200068074008001700000000019500897000600709400000035007750420080
030000704000803000008900060052010070000000020006520091020108005700005000000000040
007140800000000005043050907108300000760020300030508000000004002000085409000290000
970020010004000050010007004060480005107092000090053000631000000000005240000008000
000020403005007600071080500603572000000000200002410036000001040050000002700008310
000910002590080000000700019000306000000040070034000060100000307008003050370020000
000079502000041068060050000002003000070000006000000920600090080039400200180002095
000000089002010000003040000000000030460090000080270900000000706900700820600020490
000007080000013006000500040000009012625000004400050600080000260950800000760000051
040009000000050708080000090200090000000020305800370001000000200150000600006504000
100000000002015063000006007003659120008300706090000305401000002000008000000007601
580000000006008000000000109008102000007004600300005000020000050673900020905800000
000506900070104800400070030159700040000405000000010008200000080000800700001003000
813000056064000970020000000002004015681500002005060300000001007000006100070300500
000080074020010000050000000000903700405060020003008050500000000002600008006300100
000005007012000008507090020000000800005120004080007005000703080000010090403500060
010037000649000078300000400800000000700060082203800107000002000080500003006370040
180705003020010000009200050700000390900400801000000600000036508400008000000000000
009802001010940008200000400308170004000480002000200080006000800500000060001000300
100000804230540000000000050700260000020000009000300080360020700972000003400600100
000050002045807000000400500000000000002004618001702400200506004503900200019000065
004000000000200167080600000600300071000000480009002600030009012000006000120400800
000084001500009307802000006036900020050000000000070004000003105005406000900000070
000600200401070060000058740000020000620003400010085000096300800000801094040000003
000300000000000018076005000000000006021834090340906000400000007703000000518000264
200180060000040050007095001010000000800000500600050900370000100096800030000002000
520000840400720060000000100900050201800170000040080000000000007000003450095040000
004290000900000400720100300080040500409708020000006900007900000000000005296005000
004000068050020000703005000007019000010000000060570009000200900370840000000003001
300000079400835010100009000000000085000020601007900024000000008730000000900401000
600000000003006802200509000507090000000080271001000009004000680070000014000007000
010040000240000019700000045000204000600910052020600100006403000090000000004806901
400200000000903010609050008000026900000100040530704200000010500060300090100005000
000000000108470300000080005070020060203601050000500000700000100006002078030008200
000000500480007020000030480004000000070016030160090007800001000090400600003070008
000907186091000047070810000900070800020009005600000000062005008500600732100082050
020000080000300900008000072004032000000610030002400060010843050000100000080056003
408072000320100549100000000250700080800090010000300005600059408000800000000000901
000060010010020300608000004003000201190000000005000090006049003870000060000076900
900000051000600300001050649007006000859007000000000700030090480210000000000080007
060009030100000000030502006000000000290003004300056028040000000006000480810427069
001070200000004080050600900605000400000080013000020650806200000007000002000050100
000603000090800006004070501000080140400060005009000007071408000500030000003506400
050002000027050600964300000700001000003005006005900830130046000006000103040000200
000000009000362750000804200340000000709080020001030900080900010600000403000003092
108000006459000002006450800000000000001004020584000017000000700002508090300900008
000105600000090710000740530000000052842500000906001007200900801400060000580010306
261040000000007002007005400519060020000792100670500934040000050100030079703009640
040056013000000000000031590490000060000007000020604000600000009003700046000203170
400005600013004090900000020800700016500030008000000000000027000008010004020800100
002400860000206004800000001000000040007604009000003710008019070000800902004000000
402100000000004802007020003000510900805902000030800025023069080000000000009201034
040800000000740036603000054309000008000009020006010000000300070007060000008050240
700900000005000731061003500003006420054300007009007006300560000500470013006000075
695000000000000000000120003018300409006080051000060000000000900000052070000093204
000900006000000000930614708800000960500003072021700003005400007000000010100360800
650000080380090120020003000940000005006200000038000000000500064400300800160007000
010600070000040000005000100070020090108506002090004005603002900000030600080000040
000140680042006030006025900001450200000030045090000000070000458408013009009000000
576010023023060184001300700267051000009000002050000000000004300030000000000090070
094000000500000900600800070007000800905081007060000504000007639000105000040090000
000005001020061090008400000700800053003000006041030709072006140000040000000000000
100030002800000647002500800000105068000000200700098000520700000600050080010000000
096050004000000000048000090700206901603000408000008060000007000400003019879000006
000030060600005800904000200800301020000080070290500000039000002100000050008024700
038004000000931040600200000006000014007000090301050008200009000400700900000008500
007300000030400260000020010600000003804000000200009400050703904000200000000016070
090048000008200050050090000009000300840006700760000080004000206020980000500000890
000000001100030050050016308004007060300928000000040000007203900931000020060000400
003700000102000004078050000000900406000001030007300009050004802300090000004080300
500009001006070000290306000000000504005001908000000030000030000809004006030082040
073000908200000007905000000820000051000002600006100080700014000450070002100090800
001000003000050200008403000009005300420000079080000010050090000002507036000034087
053096100800400600000025900020064010005000000008250004500040871080000009042008000
000900001072108000000007002500014000060070030001030057010060400700000800000000060
407106008280974000500003400320700506100000007700340281600030000000600000000008004
010000050000709001000300000000080409060001020400207308080000040000002900047000200
203900000590004830048000900070003000810000200000200176704000000000300009320070000
009600078403000000600000410300750890096000000007000050004002000010406000000300500
900000000100049568020016900400378001097050000000000400000500300709000000200004007
407091000902000000000070004096005030000900000208000000000006050700802096010000300
790800000603574900000000200800000300047005010000000046000000000201000004006028000
790850000000000000034000900000000004000086300010903502450000008089020065000000100
045000000800700420100009007000080004059007201300010000000000300001073065008006700
240070080090500006000800000001040000000008300900030060000053201300000050100020070
007150400100009003064000090030004910001300240000005037000070000006000580000040100
801600450005180000000000070050007094200900080009002000000000540014060800000050016
000009000009200301012003970570100030900000500000000029007000605000000280004601003
000008002000050000504100903610030820000002067840000000001006000720000650080300000
500000000000002703400503682005008010000204500000050009006000007000006090030780006
003010800600000079900074056000900010800007003000100007402053901000001000008720005
009010000400708000000000097000000003040185000000960400000402001051000070700000060
300006708200050004078000090510000040006070900800500000002000000080409030000060509
752000600000091000900600800100007005300100080004003060038009050610500003000000700
070000000190000800000080410980607001000000600004109730040000007030062080006000100
040506900100080030000007060200000640008030000030200000000400058010000000807020300
000000200008605030096000080000000000000506000015408007630009870000200310000300609
600013004000067150007050000092030000000109000000500048000000601810605000009000500
400002900205107000016009000000000300000008000002300069300700021060000400701600000
054690000000007000090200600002400570000000830000830001500006100100000004048710050
030060080004030000002700000090000416000000000680070000006000050908002704040018600
008000713000003000300701006001000090020600400060230800000802009080070000670000104
007200400000100007459000000730000000804000060001007024000003900560000000000462000
005200340020003005004000020600050209009700500530060100290008003000020497000390000
001976000002100006070000100050400000206000400700009258080001043000000012105600000
000008004000490083801007069000910028080500030030000106400129000320700000007000600
009002000460070500003608400507000000900000840004280006300001052010000094000000080
000000901413000700008000020005800009082000000000700000090056078000401005250370000
040030708000000030050100092300400800060598000070002900000900000000024100009680300
000520000000000300008000092005009107100000980967000003070208000000007560003040009
000000000065007004010203000000752000080000050000080702240000100300409000050000090
