200
709100020800000503201008090083200050510407930970000804027354009040001000108000340
000409152310507000005000070206350801500001037190870024020980700800003000000000000
490080120160059300803071069000000000000710890000594700050060038300925000710340000
007000000002004006003060049300040780000103004004870001200017308876000005100450620
000500740940832010600004090420005070005000180800007600000051030080060000530700200
640000002070020905008005140900000030032000400010063000580196003100058604000000000
700000000000083640000004072090000007010402890278560000683000025040100068007006900
004607010326100080108300000031025700982030150740019603019270065057908201263041870
000000003603000040000090600206019570030006802900020006009208005015000700408005369
000003005705900002003580006000000490040032510017050008070094600100720050000800009
056000000738000021029013685000075102000630000207040050365108070914007063870300009
740060090091050032000094016170405009956301847428670000004518903000900000009000125
000000900736054810985020476674001520850672304320485760503200009490000053208030040
038712000007030000190500307000020800005860004010309006000050632283600090500090000
087415293359060147240739050010390582820147369036520401060071900072983610090654708
649007208800010503531089746014090600060100407250074031000068004406351802005042360
460093080000507600053600002826000009030072860701060300010056000070984130098020057
400067025950000300003005800230801000001009000004730102500010003000900501060003240
070000030031906802000370604190000000708004000003000510007410026002000708060008300
028005000703008500000000700070050030096400850504307026080570009207890005409120300
016270840007900200320006000000028405150397602260500090405009020901732504000105978
050000030000001400200504000400800200806900745590300800000400080040160020619003074
040086070009300080500000400020000000801007903007450000000000021093720006200803000
600000208250804906003200000006030490035000000000700100074600000310000000500302784
054890060001000040090000005002370650060400900143000080500203470800107093030005000
574280096100597000038014070305001960267000841800060530082100003009006400000000009
508769321360410700010030409200053047901274806437006015073000094695300102804601573
000040308000001250907200460020530600009600000830007120000360082000724006760089530
403980276700004300000603000508010790007290563609705800010300400300040100070102009
030000800000050724572000000059860003100020050300000070801002030003009400005006009
020005006009007001000006090010509608000062900060081030000000070003090120450108000
415600800600089043800500012000802190300700400081000000000018064100974050900006700
000006021000080700420370000235069007010000000000035462006007108070050090803600000
304600800000003720000400000710000005800900073450000182540802090930504210100307048
020640000003080200010000894000020900000000070830106000004300002350014700007068301
004850006065902700000070458000006107006008045901000600000005809049100062108000070
002700065507080400098600300070900124000000639040006087710268903080070206023090748
039007000780000090200904570600210000000070400027040016804190020050460007000052841
470908132320071980189203700007020861214386500000097423600740218842015009790830654
528000700416000900007010008809020170000070009001890020900000016002036054040080207
000170602801290030060043007058901726012060300030482951004059070000320105300010469
091857260005204309400010007000590720059076080067000945618049532574132098030600401
830007015021000700409000000060179020940850630210000807000210068682740009004986370
003040260400605090680070004000307080050002900820001000100090600504803000200706000
800020403030070201900000060600001040010064809050392006000005000003000000000930080
041009708090820431802430060267093500900000210004050679020380090403000000780005002
080007000730809002605300070020104003001008020900000000218570900000400018006900000
000000406040030000000000893610500020000100300097082154903001200002009000050804000
030000900809005700521000480100000006003690547050340001008000200715000639342950108
509001004301490500640258000790082100150700000402000007006000400974826050830070006
008524076734689251620170948350892104216405080009716023971208035563947810002301697
500028016910065800000004250856047301700059482009301005005072008000890500208006000
970852600050100780008647000137009000809370001002418970026984107400000008780205000
000006008400035000030810702070061800800340129040082070000004093009700485050000000
700050004040672000920030751460003198300000000019408070601000900070291560000000000
002400500470089603000302000030000000009004068000205097795046030000700900010900706
007500060000600803009803000004260090603001002805090601700000480006000900008000106
000140000401000500000068010930050107000000600600270000100900028074581009000007400
000807930000405286000030500007900005300050000005708064600371008070289600800046000
078030000060050800401070000800014607000007030700300450040090003050082001009003000
100490085040080230087020094090000040700932816018004359000346000021875063460219070
170030904000209010000800000310007600200000435065003000029041308030000029580000700
001804060860700000007010083030200050078300040052460001603140028085900100000080600
306000008140200793820370501000000800208007935003892017500001300782000156031008079
040673002002014000967852300354189060670005801008007030000006028293000000486001003
741000080506900000002075030600010000800040062400567100268094750004736029009250016
008073000072650000503009004009000003000394100010000042031840209900162407000900010
030000485500843071400071000103760098078000106000100700040010000060435000012690000
159070008700504000000098075598400006403080100001930407035009000004003700007040090
100700082900800060385000070008002609000100050500683000803406007056000030000018000
002600000390720000010008000200007600759060040034180900123806000000000038007090260
059000600070691004604020000006000200807350000040007000030040000000070080785010460
109748320837652194046300705700536942693024007425809013500467230370980461960013508
009007000673842009004060073000000700742108030001009000400013007030084060200700080
070460010165007002098021003020000387019003000006740951000000020800000000031005809
000700000000004002030100000000070100200400000010900568001000800904501000080203610
100000025750000036620000890432100078007008503000003912375000281000301750200785009
800090057000506020006720004030000486200604500000059000000200000020015069060087005
000108372803700000009040001496000000008050007752000160320005000000000013061009008
000000000003008010180690003020070084000002105800000690609230007012480000000700040
000500000051000000290418050060050439037800010010960080100080900009004001500106004
082713690401960350300254107605402900030106405000800000100607849827009016900580070
020751089007630010000004260008006701903040000000200030061020050400503000530000190
531087000090651034074000000728030406009800000006004200400900060000100973917000040
020060095903000067500400302090005170167284039058710624005002040030800700000900080
301905000800007593057020801709060000030578000010094702195046000603059024020001659
008406000000100000906008074561200400009504000003001765684009300050003009000600040
000407008000086051003152040281070406009001000000040003960800730002600580500724060
210305640409020370003090100000039407900007200037002590076000030094706820082000000
000100850510009030307504000008420005079000068045000000700042100001900000000801007
059647000462893071738050060685709040914026700327008695091374856000005419546901020
070986500800007900000000701600800020325070000010009340002600000080090053090003208
500000004007560000006042001090050310001000408740000526200008145005010072080000003
006003020470100305253040070000307204080900060700600059067490810109060000005001006
020060800800020460000804290580000072706058109002600000100906003050003000600580704
960700000000003850084019307010008400400000080800150200350002040000000900000037005
240108750090500001516940000300090400180600002004801306000006030639000820050300000
600203007000100003513000600045007200900800100060000004059486020300000900001300000
210904507609007081070610290480160720732490006100002403007250148801006070004701600
080502197731649850925710634457080069092050010300927000008195376009000508003804021
005472000273009501900000000030000080008060210700008430001706050547030609869524003
480050670260400000050763042000000900800304061000609300040000700000005000325970000
009041830054027619001809027032006000405000260100275394540130070090068143003790580
040158790001000852000276000000000529090020160000690048400069005709013600008042900
000530490000900000043000170500400009000053020007800500010020806050000007768095201
030006025000080049005024007000807000090000002501640970000005290000708314604209058
300190280620005730070230000000000400800060100730008020007083915003000000000000040
004020030000400008001703294000040000300002089009001765032500000890064000050010002
003008005000000780800003106734216050100304020000750300590800001001400860040102009
056907100000600500010500390040090700761302000000000003502060000078200000600751032
678390450205408903003005200502610080167204300304957020051709042020000509039520817
000072004503061700078000609000030047080000003000410090890600000030000420762103900
109827634800049102324065007638200009042596800590783240283901405005032098000400321
049500700500078012000402503305207000020004080000090200852000904760809120910020000
018590243297340800354800790923170568400058930005209174102760389036980410789413605
300290000064000008050000760020000100000341800610082050240000085030000007009803000
300010050560009182001050067106900705700002091000100804200690040050723010009085200
003048196487000003600005870930867540100000030705103908820600305300452607076381020
007008004800093020500000009200970640000082970109654208025800706790216000610735002
061000040700090100390005670000050861008700904009128030472000300910007050086030007
000103000800000901703400000000601040020007100500020076000215600602000003040000805
002057091415060020300014800008000007006023004000100002000600008080790300530001000
000000000005008420041200035080102960000000250409000001650920007030840590294000106
104080053975432001060150024832960407007240039049370002090003270250690308083504190
403700000015003027000000904000050073700139002500000419304060008070598301980004200
000004805075001320064002009480000000590076400000045002030000008008060047046508100
580000070000173582712000000874901305130027090609080014401030000067012040208604007
049631802510004036080020400420380109960405328001279000194758200000100000000960014
000890056500020009600040023003400092405009310006203070008001005100580007050002060
020570401014302006070004238060000850045600319100850004752100963080700100401060085
705800214600904058000000000000000180008200000000605030804700390000506820100008000
480263007500710364673945208710026000368009721902371846845630109297180605136590482
060105007500092001182063549700000480098350012030007000010900678800071230020008194
000000040079006002001950000050020304010008670003060008000072010000000209060049050
500037012070006005010502003206040597035079000047250100890020651001060009024915300
600520300023000051000036020405017839800340576000005140080703005200684903006052080
037050200040000006206000004009100803000002000008700409080540162600010005001020000
045070829006000007010400005001967050820503006009800403500030000298010064170600002
593046208000010000000000405030008700004100002170903000007000000060009500000000064
243070060806410050001006004650001042700090680084607005320059416005000827017000003
100830060063274091980516023635902178249781006870650209096128034400367902312490087
840617000502008600070300000060230750008700390000180060030500900001000000200940007
000072035473005100009004780100000000050000608092600354000701002004008070000200900
060200307000700260020613000001580629009400000200906741845000100300005000002800000
970153246152840097043297805294760108380921500510380902735618429421579683060002751
510468003032970054649305000200510090360090245000642037006234070400006310000000462
000070090829465170070928605240510389005200700060009004002807031030100060714693850
210000000907403260800900004508000000000530800320007059082050641005600900690041087
700500030510802740000006000300645802860007004400130607140080000000060900030001400
370280106129700040486591327930072680618050472250648013003420061001807239802000054
260073000751000090009000600000300800030605020020087036500006010010090360078000002
000037054400000720000200080000014000921700000000920800007001043604370100019060570
380001000170543800040207136720150980650090713914308052261034500435019060800025340
409020600083004700000000500068700410105008009030005000090300050040000906520900308
396402100284170090517060800008357916059610300631009780040706038872031460960800001
000057900200906001003108625304870162026003050800625430030700596080562374500090218
000070123951030004300400090160803050720000006000000400610000900000140260000780000
400800721853702600021900005285630010046270508000504006108425903092368174630197050
106085000000740010080200060059000000030604920260078000800000300012569008004807050
023604000009701003004053006000019070005000042617025390700940831000000209002030704
195836007472109038083724105937418506014905783856273004069041802740692050001080469
005003210007000030020040008070006450103900070006000190700300040008000027294075001
000000300350800470670020508925106003000943800043070006530000281410030907208005604
850060102020008003039400506006034050010076800073059600300780900198003000500920000
029005746708006392003097850005900004901560200204803000546721000807030420390050617
483076902617000000200834607031700205000058001500010708360900124198005376724301009
260000800003002000019008620532010000970000000600000378700106035380729140100350700
058130000403000000100402800001854700586079021000006000000000178800003040060900302
000342050200060714005800000560700000007004090000600370001080430850006000790023685
290480100000160008000000432020004800080290703040870060003000604908605300400009000
450302798008045000306800004082003540000000000194520000005009316063050000000004275
030000002490050010001800349307560080500790100006008700205000090800630001063920078
056020000010490007409005806000108000103009204900042010000051000700000600820060000
200000003050000624000500001000080745000300000910400200000060300709010050004908000
300860451804100000000300027006720904102006070000018632000007193700001205905200086
002000590903000000400360100000590810000006042060014000000005000005730000036040050
302800056759600084408500300000703918900045670003000042005106037007000060806350000
000103006007060021096000000045000000030400800760025010519007000000010038083042070
000002609000045200500000000080019003410000000605004901050708000007300500201400008
800000047000280590250000806095078002000000453601004070060090700020400080070050309
096240000047009000132000804000060700000095000900021560060900201080412675001006900
107000000900541060020037890090050170050700008700298504600429305009003002830000040
825090006010280305004005028000407200400802003000100070503900062762008100189000050
183954627507236108462807905009073416000000072671080593700621080936700251210395700
097000050000350802300000400005046900040800000000091003000020790004900630010000520
100504800680037512573000040006018000730009180001040006417300068060170495000406001
060185000007400160003000050932007000001000900070300000000056080400000000080040705
809416052000305901045790068450209870000004013078561409083650194017940235090120087
108035920024000030395804160009080251000002000502710000010048600850000402003000008
300050008008006000450002000030490700000000045060000932001009800043700000597600000
010089300047000000830167209000006094350048062400020700103000400586200003204610500
000908072008042190600000804410080000305060287000230900200800005801500020053004768
003001900007000104014650730600900050000304080009000070100205000030006000700089300
000182037706935104100706902004060508070000321050319006000020000032000469040000205
020480960967010384038007512002000130854106729103050046786329451349500278205804690
092750004017400952800069310563974128921035406470126003254007001709608045186500039
000040703030900000702800040070238400120604007005000682000000006003081074080026139
057020080200008060418070523004200006561007492902004301000800947000742015705900008
500300406000905000203000000001806000400000207085020690000200040000037152002590000
012547839057300000893010007900800020105270000040196075004061750560038010001425690
